      0/99     2.97G   0.07159   0.01654   0.01783     0.106       184       640   0.03375   0.07134   0.01829  0.004841   0.02145  0.006622  0.005533
      1/99     12.7G   0.05642   0.01264   0.01594     0.085       148       640   0.06209    0.1603   0.03858  0.009319   0.01989  0.003059  0.005577
      2/99     10.9G   0.05684   0.01282   0.01595   0.08561       173       640    0.2806    0.4316    0.2727    0.1098   0.01139  0.003606  0.005431
      3/99     10.9G   0.04992   0.01235   0.01423    0.0765       183       640    0.3897    0.6721    0.4216    0.3691   0.02026  0.004124  0.005249
      4/99     10.9G   0.04791   0.01042    0.0135   0.07183       174       640   0.09181     0.676   0.08895   0.02972   0.01154  0.003181  0.005264
      5/99     10.9G   0.04997  0.009221   0.01169   0.07088       157       640    0.3361    0.5851    0.3261    0.1657   0.01855  0.002439  0.005113
      6/99     10.9G   0.03739  0.008556   0.01173   0.05768       162       640     0.213    0.5713    0.2012     0.128   0.01266  0.001848  0.005157
      7/99     10.9G   0.03765  0.008336   0.01193   0.05791       164       640    0.4594    0.8549    0.5236    0.4582  0.007444   0.00153  0.005312
      8/99     10.9G   0.03085  0.008047   0.01035   0.04925       197       640    0.4865    0.9622    0.5688     0.549  0.009944  0.001393  0.005272
      9/99     10.9G   0.03023   0.00746   0.01127   0.04896       157       640    0.4884    0.9664    0.5449    0.5194   0.01195  0.001121   0.00526
     10/99     10.9G   0.03383  0.007526   0.01197   0.05333       187       640    0.4924    0.9889    0.5742    0.4084  0.007691  0.001077  0.005253
     11/99     10.9G   0.03038  0.007422   0.01127   0.04908       163       640     0.474    0.5767    0.4303    0.2144   0.01511  0.001823  0.005149
     12/99     10.9G   0.02793  0.007237   0.01044   0.04561       179       640    0.4236    0.8536    0.4868    0.3228   0.01737  0.001096  0.005151
     13/99     10.9G   0.03245  0.007373   0.01086   0.05069       172       640    0.2938    0.9431    0.3407    0.3092   0.01278  0.002776  0.005293
     14/99     10.9G   0.02569  0.007135  0.009292   0.04211       151       640    0.4979     0.941    0.5639    0.4615  0.004669 0.0009844  0.005393
     15/99     10.9G   0.02621  0.006899   0.01021   0.04332       165       640    0.4841    0.8379    0.5248    0.4899   0.01059 0.0007871  0.005223
     16/99     10.9G   0.02297  0.006757   0.00912   0.03885       150       640    0.4563    0.8013     0.528    0.4413  0.008507  0.000813  0.005216
     17/99     10.9G   0.03103  0.006845   0.01612   0.05399       177       640    0.4353    0.8879    0.5022    0.4153  0.004985  0.001167  0.005273
     18/99     10.9G   0.02945  0.006537   0.01038   0.04637       176       640    0.4581    0.9735    0.5467    0.5234  0.007936 0.0007192  0.005116
     19/99     10.9G   0.02571  0.006638   0.01085    0.0432       167       640    0.4832    0.9648    0.5675    0.5366  0.003797 0.0006698  0.005138
     20/99     10.9G   0.02209  0.006588  0.009561   0.03824       165       640    0.4993    0.9979    0.6064    0.4818   0.00534 0.0006701  0.005255
     21/99     10.9G   0.01957  0.006644  0.009547   0.03577       164       640    0.5001    0.9937    0.6081     0.594  0.005796 0.0008467  0.005322
     22/99     10.9G   0.03199  0.006774   0.01166   0.05043       178       640   0.08291     0.199   0.04728   0.03066   0.01868  0.001534  0.006454
     23/99     10.9G   0.02632  0.007431   0.01078   0.04453       202       640    0.3358    0.7166    0.4215    0.2772  0.009346  0.001335  0.005977
     24/99     10.9G   0.02412  0.007031  0.009432   0.04058       200       640     0.518    0.9065    0.5765    0.5316  0.004487 0.0008739  0.005131
     25/99     10.9G   0.02387   0.00673   0.01042   0.04102       170       640    0.4987    0.9953    0.5524    0.5509  0.006639 0.0008719  0.005784
     26/99     10.9G   0.01347  0.006745  0.008459   0.02868       182       640    0.4903    0.9585    0.5787    0.5594   0.00454   0.00104  0.005108
     27/99     10.9G   0.01739   0.00636  0.008797   0.03255       167       640    0.3898      0.57    0.4247    0.3269  0.009833   0.00163  0.005475
     28/99     10.9G   0.01539  0.007047  0.008784   0.03122       220       640    0.4588    0.6746    0.5172    0.3908   0.00566  0.001393  0.005814
     29/99     10.9G   0.02058  0.006303  0.008169   0.03505       177       640    0.4966    0.9493    0.6572    0.6342  0.002933 0.0008516  0.005667
     30/99     10.9G   0.01457  0.006358  0.007764   0.02869       171       640    0.5707    0.8954    0.7555    0.7451  0.002564  0.000952  0.005239
     31/99     10.9G   0.01124  0.005963  0.007547   0.02475       183       640     0.589    0.9397    0.7712    0.7568  0.002372 0.0008909  0.005464
     32/99     10.9G   0.01065  0.005739  0.007476   0.02387       179       640      0.68    0.8693    0.8272    0.8243  0.002098 0.0007321  0.004528
     33/99     10.9G    0.0162  0.006136  0.009814   0.03215       179       640     0.557     0.768    0.6312    0.5511  0.004237  0.001096  0.004786
     34/99     10.9G   0.01104  0.006223  0.006852   0.02412       169       640    0.6334    0.8864    0.7865    0.7664  0.002168 0.0007837   0.00406
     35/99     10.9G   0.01082  0.005553  0.006851   0.02322       170       640    0.7631    0.8766    0.8814    0.8603  0.002606 0.0004843  0.003381
     36/99     10.9G   0.01247  0.005892  0.007614   0.02597       162       640    0.5421    0.9138      0.68    0.6749  0.003781 0.0009025  0.005808
     37/99     10.9G   0.02313  0.008433  0.009798   0.04136       188       640    0.3891    0.6058    0.3915    0.3186   0.00949  0.001695   0.01082
     38/99     10.9G   0.01473  0.006729  0.007707   0.02917       157       640    0.5004    0.9998    0.5656    0.5646   0.00498  0.001624  0.009191
     39/99     10.9G   0.01316  0.006224  0.006854   0.02624       192       640     0.495    0.9114    0.5886    0.5857  0.003727  0.001661  0.005578
     40/99     10.9G   0.01061  0.005959  0.006682   0.02325       163       640    0.5655    0.9194    0.6413    0.6325  0.002689  0.001039  0.005957
     41/99     10.9G   0.01261  0.005748  0.006403   0.02476       166       640    0.5283    0.9515     0.587     0.524  0.003533 0.0009287   0.01003
     42/99     10.9G   0.01006  0.005771  0.006314   0.02215       191       640     0.574    0.9259    0.7412    0.7391  0.002381  0.001009  0.005234
     43/99     10.9G    0.0126  0.005882   0.00626   0.02475       176       640     0.811    0.8654     0.913    0.9101  0.001782 0.0006893  0.003169
     44/99     10.9G   0.01522  0.005907  0.008226   0.02935       140       640    0.1523    0.3763    0.1244   0.06234   0.02055  0.001325  0.005778
     45/99     10.9G  0.009643  0.005623  0.006315   0.02158       208       640    0.5706    0.8253    0.6712    0.6195  0.006028 0.0007286  0.005995
     46/99     10.9G   0.01889  0.006047   0.01124   0.03617       191       640    0.5591    0.9283    0.7741    0.7405  0.003603  0.001676  0.005103
     47/99     10.9G   0.01782  0.006568  0.008148   0.03254       190       640    0.4064    0.7328     0.445    0.3589  0.008518  0.001518   0.01139
     48/99     10.9G   0.01648  0.006437  0.007123   0.03004       164       640    0.5661    0.9081    0.6816    0.6747  0.006139  0.001494   0.01663
     49/99     10.9G   0.01223  0.005994  0.006864   0.02509       174       640    0.6239     0.926    0.8351    0.8146  0.002375 0.0008019   0.01008
     50/99     10.9G   0.01322  0.006307  0.007912   0.02744       201       640    0.6343    0.8722    0.8315    0.7341  0.003355  0.001075  0.008785
     51/99     10.9G  0.009787  0.005495  0.006296   0.02158       181       640    0.6094    0.9237    0.8206    0.8114  0.002431 0.0007858   0.01023
     52/99     10.9G   0.01114   0.00578  0.007099   0.02402       166       640    0.4969    0.9103    0.6248    0.5978   0.00323  0.002091  0.009431
     53/99     10.9G  0.009378   0.00541  0.006655   0.02144       177       640     0.564    0.8868    0.7595    0.7272  0.002532  0.001499  0.009551
     54/99     10.9G  0.009461  0.005557  0.006509   0.02153       163       640    0.6379    0.9502     0.852    0.8492  0.003468 0.0008708  0.008445
     55/99     10.9G   0.01183  0.005522   0.01025    0.0276       160       640    0.5478    0.9081    0.7541    0.7374  0.002411  0.001819  0.008978
     56/99     10.9G   0.01125  0.005515  0.006826   0.02359       170       640     0.641    0.9148    0.8806    0.7976  0.003908  0.001291  0.005359
     57/99     10.9G   0.01154  0.005789  0.006809   0.02414       159       640    0.5186    0.8925    0.7701    0.7069   0.00326  0.001132  0.006124
     58/99     10.9G  0.009152  0.005485  0.006473   0.02111       175       640     0.505    0.9036    0.7607    0.6697  0.003362  0.001639   0.01114
     59/99     10.9G   0.00885  0.005575  0.006121   0.02055       183       640    0.6598     0.888    0.8701     0.853  0.002513  0.001192  0.007508
     60/99     10.9G   0.00877   0.00543  0.006206   0.02041       178       640     0.732    0.8812    0.9285    0.9187  0.002062 0.0008178  0.004585
     61/99     10.9G  0.008089  0.004981  0.005929     0.019       168       640    0.7815    0.8905    0.9415    0.8703  0.004081 0.0008981  0.003936
     62/99     10.9G  0.009037  0.004938  0.006598   0.02057       156       640     0.831    0.9108    0.9464    0.9255  0.002447  0.001188  0.002872
     63/99     10.9G  0.007772  0.004962  0.005814   0.01855       146       640    0.7041    0.9089    0.8835    0.8508  0.002487 0.0009746  0.005568
     64/99     10.9G  0.007581   0.00487  0.005939   0.01839       184       640    0.7919    0.9132    0.9442    0.9326  0.002058 0.0009126  0.003832
     65/99     10.9G   0.01102  0.004801  0.006326   0.02214       205       640    0.8439     0.891    0.9529    0.8813  0.003264 0.0009235  0.002866
     66/99     10.9G  0.007431  0.004732  0.005966   0.01813       199       640    0.8607    0.9381    0.9613    0.9382  0.002397 0.0007015  0.002174
     67/99     10.9G  0.007294  0.004842  0.006105   0.01824       180       640    0.8408    0.9286    0.9707    0.9629  0.001924 0.0008017  0.002443
     68/99     10.9G  0.007209  0.004542   0.00605    0.0178       169       640    0.8867    0.9347    0.9724    0.9233   0.00229 0.0009187   0.00205
     69/99     10.9G  0.007183  0.004792   0.00619   0.01816       177       640    0.7739     0.944    0.9669    0.9028  0.002777  0.001138  0.003118
     70/99     10.9G   0.01029  0.004559  0.006351    0.0212       190       640    0.8152    0.9463    0.9659    0.9601  0.001865 0.0009834  0.002782
     71/99     10.9G   0.01368  0.004544   0.00634   0.02457       172       640    0.8722    0.9224    0.9746    0.9543  0.002742 0.0009027   0.00239
     72/99     10.9G   0.01079  0.004766   0.00631   0.02187       175       640    0.8173    0.8771    0.9549    0.8555  0.003113   0.00109  0.003318
     73/99     10.9G   0.00703  0.004669  0.005898    0.0176       169       640    0.8578    0.9308    0.9385    0.9307  0.001774  0.001133  0.002417
     74/99     10.9G  0.007041  0.004723  0.005873   0.01764       174       640    0.8809    0.9351    0.9368    0.9204  0.002096 0.0005524   0.00157
     75/99     10.9G  0.006985  0.004545  0.005865   0.01739       183       640    0.9422    0.9099    0.9721    0.9616  0.002125 0.0007035   0.00149
     76/99     10.9G  0.006873  0.004687  0.006015   0.01758       179       640    0.8968    0.9202    0.9722    0.9659  0.002118  0.000809  0.001885
     77/99     10.9G  0.006347  0.004474  0.005785   0.01661       191       640    0.9419    0.9562     0.976    0.9551  0.002417 0.0009796  0.001298
     78/99     10.9G  0.006542  0.004598  0.005927   0.01707       147       640    0.8944    0.9134    0.9672    0.9265  0.002676 0.0006405  0.001859
     79/99     10.9G  0.006587  0.004592  0.006008   0.01719       174       640    0.8886    0.9308    0.9706     0.958  0.002301 0.0007319  0.001869
     80/99     10.9G  0.006509  0.004282  0.005924   0.01671       159       640    0.8858    0.9645    0.9786    0.9645  0.001991 0.0007672  0.001587
     81/99     10.9G  0.006534  0.004452  0.005939   0.01693       180       640    0.9148    0.9392    0.9731    0.9513  0.002422 0.0006569  0.001479
     82/99     10.9G  0.006183    0.0044  0.005854   0.01644       200       640    0.8983    0.9176    0.9709    0.8797  0.002988 0.0006858  0.001906
     83/99     10.9G  0.006039  0.004317  0.005869   0.01622       164       640    0.9323    0.9316    0.9756    0.9504  0.002511 0.0006461  0.001393
     84/99     10.9G  0.006493  0.004357   0.00575    0.0166       179       640    0.8648    0.9234     0.973    0.9453  0.002315 0.0009247  0.002146
     85/99     10.9G  0.005591   0.00412  0.005426   0.01514       177       640    0.9607    0.9167    0.9785    0.9674  0.002186 0.0007904  0.001203
     86/99     10.9G  0.005904  0.004388  0.005778   0.01607       179       640    0.9599    0.9258    0.9834    0.8926  0.002832 0.0006294  0.001101
     87/99     10.9G  0.006036  0.004417  0.005679   0.01613       195       640    0.9191    0.9627    0.9803    0.9694  0.002249 0.0007223   0.00114
     88/99     10.9G  0.005679  0.004352  0.005688   0.01572       178       640    0.8411    0.8816    0.9695     0.941  0.002403 0.0007836  0.002715
     89/99     10.9G  0.007074  0.004295  0.006075   0.01744       174       640    0.9241    0.9312    0.9779    0.9674  0.002178 0.0007891  0.001519
     90/99     10.9G  0.005878   0.00432  0.005628   0.01583       184       640    0.9018    0.9473    0.9798    0.9547  0.002589  0.001049  0.001646
     91/99     10.9G  0.005739  0.004554  0.005596   0.01589       185       640    0.9369    0.9342     0.978    0.9676  0.002383 0.0008334  0.001188
     92/99     10.9G  0.005719  0.004219  0.005464    0.0154       170       640    0.9283    0.9494    0.9808    0.9158  0.002672 0.0007994  0.001364
     93/99     10.9G  0.005757  0.004236  0.005436   0.01543       171       640    0.9182    0.9176    0.9801    0.9203  0.002434 0.0008686    0.0019
     94/99     10.9G  0.005644  0.004248  0.005743   0.01564       187       640    0.9189    0.9496    0.9742    0.9295  0.002563 0.0005729  0.001172
     95/99     10.9G  0.005736  0.004288  0.005547   0.01557       185       640    0.9245    0.9554    0.9758    0.9575  0.002401 0.0008506  0.001213
     96/99     10.9G  0.005549  0.004183  0.005388   0.01512       178       640    0.9555    0.9494    0.9835     0.902  0.002769 0.0009549  0.001099
     97/99     10.9G  0.005786  0.004032  0.005446   0.01526       153       640    0.9315    0.9456    0.9845    0.9574  0.002376 0.0009193   0.00128
     98/99     10.9G  0.005063  0.003897  0.005686   0.01465       169       640    0.9272    0.9542     0.985    0.9447  0.002416 0.0009093  0.001299
     99/99     10.9G  0.005548   0.00419  0.005616   0.01535       207       640    0.9486    0.9419    0.9864    0.9583  0.002316 0.0007472  0.001155
